22.0000000 8.4853000 8.4853000 1.2426982
21.0007000 8.5473000 8.4246000 1.2123931
20.0024000 8.6194000 8.3566000 1.1911535
19.0050000 8.7022000 8.2811000 1.1766589
18.0082000 8.7959000 8.1981000 1.1675756
17.0120000 8.9008000 40.9254000 25.7939034
16.3675000 10.7289000 7.1706000 -3.6957394
15.3132000 10.7134000 36.6855000 22.6281110
14.8171000 13.4586000 33.6589000 17.0785378
14.3453000 14.4302000 31.8105000 14.8048673
13.9100000 13.0359000 30.4310000 16.8301099
13.6892000 11.8228000 29.1940000 18.4778248
13.7432000 10.8113000 28.1706000 19.6819512
14.1592000 10.0074000 27.4068000 20.4054362
15.0782000 9.4093000 22.7542000 18.0901160
16.3596000 8.9734000 14.8232000 11.1386580
28.6850000 8.5770000 13.4025000 7.4150767
27.0814000 8.1921000 13.1725000 7.7241583
25.5529000 7.8577000 12.8517000 7.9881635
24.1000000 7.5768000 12.4774000 8.2086961
22.7213000 7.3533000 12.0722000 8.3735311
21.4144000 7.1907000 11.6521000 8.4676354
20.1756000 7.0933000 11.2280000 8.4727206
18.9999000 7.0651000 10.8079000 8.3718144
17.8811000 7.1097000 10.3974000 8.1499249
16.8116000 7.2300000 10.0003000 7.7952750
15.7827000 23.0267000 9.6189000 -14.7248372
14.9079000 23.8501000 10.6611000 -14.2662608
14.1211000 24.9739000 12.1411000 -13.6080902
13.4010000 26.4503000 14.2010000 -12.7741182
12.7262000 28.3447000 13.1846000 -15.0791800
12.1926000 32.3463000 11.7544000 -18.5366344
11.9003000 33.0457000 10.4953000 -20.0328278
11.8553000 31.8546000 9.4614000 -20.5697027
12.0959000 31.0238000 8.6435000 -21.0039620
12.7444000 30.5510000 8.0237000 -21.3023068
14.0340000 20.1581000 7.5938000 -15.2293422
15.2877000 16.3477000 7.2485000 -11.7062906
16.5680000 14.7607000 6.9551000 -10.2600838
18.1718000 13.7871000 6.7159000 -9.4554645
20.3687000 13.0710000 6.5319000 -8.8242201
23.5108000 12.4978000 6.4022000 -8.0472033
24.6314000 12.0361000 6.3208000 -7.4628747
23.4692000 11.6355000 6.2887000 -7.1875551
22.3611000 11.2548000 6.3129000 -6.7325835
21.2988000 10.9004000 6.3901000 -6.1157550
20.2716000 10.5758000 6.5142000 -5.3577395
19.2687000 10.2828000 6.6758000 -4.4834593
18.2796000 10.0221000 6.8629000 -3.5211498
17.2955000 9.7948000 7.0604000 -2.5057243
16.3101000 9.6021000 7.2521000 -1.4751315
15.3194000 9.4455000 7.4225000 -0.4676070
14.3224000 9.3271000 7.5580000 0.4793164
13.3196000 9.2495000 7.6494000 1.3338779
