0.0000000 0.0000000 22.0000000 8.4853000 8.4853000 1.2426982
0.0000000 0.9998000 21.0007000 8.5473000 8.4246000 1.2123931
0.0072000 1.9996000 20.0024000 8.6194000 8.3566000 1.1911535
0.0215000 2.9993000 19.0050000 8.7022000 8.2811000 1.1766589
0.0427000 3.9989000 18.0082000 8.7959000 8.1981000 1.1675756
0.0707000 4.9983000 17.0120000 8.9008000 40.9254000 25.7939034
0.1021000 5.8981000 16.3675000 10.7289000 7.1706000 -3.6957394
0.2812000 6.8798000 15.3132000 10.7134000 36.6855000 22.6281110
0.4273000 7.7912000 14.8171000 13.4586000 33.6589000 17.0785378
0.6984000 8.7079000 14.3453000 14.4302000 31.8105000 14.8048673
1.0620000 9.6037000 13.9100000 13.0359000 30.4310000 16.8301099
1.4962000 10.4567000 13.6892000 11.8228000 29.1940000 18.4778248
2.0060000 11.2565000 13.7432000 10.8113000 28.1706000 19.6819512
2.5932000 11.9926000 14.1592000 10.0074000 27.4068000 20.4054362
3.2562000 12.6550000 15.0782000 9.4093000 22.7542000 18.0901160
4.0022000 13.2441000 16.3596000 8.9734000 14.8232000 11.1386580
4.8310000 13.7692000 28.6850000 8.5770000 13.4025000 7.4150767
5.7011000 14.2449000 27.0814000 8.1921000 13.1725000 7.7241583
6.5902000 14.6824000 25.5529000 7.8577000 12.8517000 7.9881635
7.4974000 15.0794000 24.1000000 7.5768000 12.4774000 8.2086961
8.4216000 15.4337000 22.7213000 7.3533000 12.0722000 8.3735311
9.3612000 15.7435000 21.4144000 7.1907000 11.6521000 8.4676354
10.3145000 16.0073000 20.1756000 7.0933000 11.2280000 8.4727206
11.2796000 16.2240000 18.9999000 7.0651000 10.8079000 8.3718144
12.2544000 16.3931000 17.8811000 7.1097000 10.3974000 8.1499249
13.2368000 16.5147000 16.8116000 7.2300000 10.0003000 7.7952750
14.2247000 16.5898000 15.7827000 23.0267000 9.6189000 -14.7248372
15.1914000 16.6195000 14.9079000 23.8501000 10.6611000 -14.2662608
16.1541000 16.7312000 14.1211000 24.9739000 12.1411000 -13.6080902
17.1071000 16.9221000 13.4010000 26.4503000 14.2010000 -12.7741182
18.0454000 17.1881000 12.7262000 28.3447000 13.1846000 -15.0791800
18.9524000 17.5192000 12.1926000 32.3463000 11.7544000 -18.5366344
19.8115000 17.9203000 11.9003000 33.0457000 10.4953000 -20.0328278
20.6159000 18.4058000 11.8553000 31.8546000 9.4614000 -20.5697027
21.3570000 18.9779000 12.0959000 31.0238000 8.6435000 -21.0039620
22.0241000 19.6310000 12.7444000 30.5510000 8.0237000 -21.3023068
22.6072000 20.3577000 14.0340000 20.1581000 7.5938000 -15.2293422
23.1155000 21.1779000 15.2877000 16.3477000 7.2485000 -11.7062906
23.5565000 22.0522000 16.5680000 14.7607000 6.9551000 -10.2600838
23.9392000 22.9587000 18.1718000 13.7871000 6.7159000 -9.4554645
24.2682000 23.8886000 20.3687000 13.0710000 6.5319000 -8.8242201
24.5463000 24.8368000 23.5108000 12.4978000 6.4022000 -8.0472033
24.7760000 25.7999000 24.6314000 12.0361000 6.3208000 -7.4628747
24.9607000 26.7741000 23.4692000 11.6355000 6.2887000 -7.1875551
25.1032000 27.7560000 22.3611000 11.2548000 6.3129000 -6.7325835
25.2047000 28.7439000 21.2988000 10.9004000 6.3901000 -6.1157550
25.2676000 29.7362000 20.2716000 10.5758000 6.5142000 -5.3577395
25.2953000 30.7314000 19.2687000 10.2828000 6.6758000 -4.4834593
25.2920000 31.7283000 18.2796000 10.0221000 6.8629000 -3.5211498
25.2627000 32.7260000 17.2955000 9.7948000 7.0604000 -2.5057243
25.2129000 33.7238000 16.3101000 9.6021000 7.2521000 -1.4751315
25.1485000 34.7214000 15.3194000 9.4455000 7.4225000 -0.4676070
25.0755000 35.7187000 14.3224000 9.3271000 7.5580000 0.4793164
24.9998000 36.7158000 13.3196000 9.2495000 7.6494000 1.3338779
